# H0 omega_cdm A_s A_planck lambda_reset g_holographic phi_phase z_trans delta_z
4.059513112689516756e-01 1.152972643554069538e-04 1.967213617254956593e-12 5.347849923773830629e-05 -1.711560682524548155e-02 -2.169722092921060616e-04 7.314542873535258283e-02 -1.168905110720409174e-01 -9.990139298185925481e-04
1.152972643554069538e-04 1.114339283895035950e-06 -6.330856802169801632e-15 -2.656988230311693311e-06 -2.550855861346491322e-05 -2.550332404640910212e-07 9.924309597302267922e-06 -1.009938483694468368e-04 -8.982447241394739712e-06
1.967213617254956593e-12 -6.330856802169801632e-15 2.905269685267159686e-22 5.355319446395368131e-14 8.777462992801519342e-14 1.768561202067761286e-15 9.535126052125377299e-13 -3.765130217714046208e-13 2.306204945686293231e-13
5.347849923773830629e-05 -2.656988230311693311e-06 5.355319446395368131e-14 2.331714529509594893e-05 7.284351543093672192e-05 9.211492648211087000e-07 1.348910968395858226e-04 1.495383978614536118e-04 6.729169670064883584e-05
-1.711560682524548155e-02 -2.550855861346491322e-05 8.777462992801519342e-14 7.284351543093672192e-05 2.493961069198622361e-03 1.254872188949821198e-05 -4.569435349074391084e-03 8.178655525217763331e-03 3.367877003616452647e-04
-2.169722092921060616e-04 -2.550332404640910212e-07 1.768561202067761286e-15 9.211492648211087000e-07 1.254872188949821198e-05 7.969516581180174497e-07 -3.281168934322683671e-05 1.054032091605108448e-04 4.688946300631331707e-06
7.314542873535258283e-02 9.924309597302267922e-06 9.535126052125377299e-13 1.348910968395858226e-04 -4.569435349074391084e-03 -3.281168934322683671e-05 3.298098488867867023e-02 -2.850434173889100989e-02 1.911029533859867624e-04
-1.168905110720409174e-01 -1.009938483694468368e-04 -3.765130217714046208e-13 1.495383978614536118e-04 8.178655525217763331e-03 1.054032091605108448e-04 -2.850434173889100989e-02 7.930737702512200005e-02 8.486074405164663239e-04
-9.990139298185925481e-04 -8.982447241394739712e-06 2.306204945686293231e-13 6.729169670064883584e-05 3.367877003616452647e-04 4.688946300631331707e-06 1.911029533859867624e-04 8.486074405164663239e-04 8.203924920475681379e-04
