# H0 omega_cdm A_s A_planck lambda_reset g_holographic phi_phase z_trans delta_z
1.167442175029051107e-02 2.704272218222228058e-05 -7.916634911944657646e-13 -1.825040516124073814e-04 1.639894200396044082e-04 -5.179395941101849602e-05 -1.708137388699960870e-03 -1.167646556216444392e-02 -2.026900700321659487e-03
2.704272218222228058e-05 2.506092264304816688e-07 -4.828186255349601018e-15 -1.161928585501010332e-06 6.330088852844551112e-07 -3.095790309711382280e-07 -1.218442946824745256e-05 -7.047060616318046250e-05 -1.217871240121641433e-06
-7.916634911944657646e-13 -4.828186255349601018e-15 2.665870844087527595e-22 4.202284118717182803e-14 -1.258220336171296038e-14 9.526602267501945147e-15 5.672445968718116815e-13 1.714500902352723128e-12 -3.472459482978916060e-13
-1.825040516124073814e-04 -1.161928585501010332e-06 4.202284118717182803e-14 1.425416102131923295e-05 -3.218416141272987251e-06 2.251239191233569452e-06 1.239589828412943203e-04 3.961381698234740572e-04 -6.111523480937234480e-05
1.639894200396044082e-04 6.330088852844551112e-07 -1.258220336171296038e-14 -3.218416141272987251e-06 8.439383360958068619e-06 -1.365282486560005959e-06 -2.089418707036866315e-05 -3.215533282301383028e-04 -1.797467522521798691e-04
-5.179395941101849602e-05 -3.095790309711382280e-07 9.526602267501945147e-15 2.251239191233569452e-06 -1.365282486560005959e-06 8.825265201177004999e-07 2.704607373835490801e-05 1.215587587414747908e-04 1.457603937346086075e-05
-1.708137388699960870e-03 -1.218442946824745256e-05 5.672445968718116815e-13 1.239589828412943203e-04 -2.089418707036866315e-05 2.704607373835490801e-05 2.938400730082262307e-03 4.328146605375723238e-03 -1.171000825047078132e-03
-1.167646556216444392e-02 -7.047060616318046250e-05 1.714500902352723128e-12 3.961381698234740572e-04 -3.215533282301383028e-04 1.215587587414747908e-04 4.328146605375723238e-03 6.234274879954720266e-02 3.514768874670066989e-03
-2.026900700321659487e-03 -1.217871240121640798e-06 -3.472459482978920099e-13 -6.111523480937242612e-05 -1.797467522521800317e-04 1.457603937346086075e-05 -1.171000825047075963e-03 3.514768874670064821e-03 1.500860632883455406e-02
