# H0 omega_cdm A_s A_planck lambda_reset g_holographic phi_phase z_trans delta_z
1.971753432920142143e-02 -2.863024406113823109e-05 2.003465384706252722e-12 4.914812646427319832e-04 4.918309692988077344e-04 1.467223427841071520e-05 8.411612672217698775e-03 -5.554363957551357311e-03 2.715278537155040722e-03
-2.863024406113823109e-05 1.866962541885594217e-07 -6.225386461522644153e-15 -1.559353941304279804e-06 -9.268871930869730175e-07 -1.517637455499720701e-07 -2.517123952930787044e-05 -1.781670632447986417e-06 -9.252099302948734618e-06
2.003465384706252722e-12 -6.225386461522644153e-15 5.479739796962803213e-22 9.456781058473462419e-14 7.059363907561012159e-14 6.945788185898914038e-15 1.442292504750221322e-12 -5.387515709216773734e-13 5.086170081675536939e-13
4.914812646427319832e-04 -1.559353941304279804e-06 9.456781058473462419e-14 3.379553501072191346e-05 1.729783028366991884e-05 1.711110335900102233e-06 3.541469836824305485e-04 -1.254536320437895725e-04 1.273896943881261238e-04
4.918309692988077344e-04 -9.268871930869730175e-07 7.059363907561012159e-14 1.729783028366991884e-05 2.619970529139987566e-05 2.470252453113070731e-07 2.877091122546438190e-04 -2.360475707850235466e-04 8.778056118687732612e-05
1.467223427841071520e-05 -1.517637455499720701e-07 6.945788185898914038e-15 1.711110335900102233e-06 2.470252453113070731e-07 5.343119017933987005e-07 2.585565623006131109e-05 1.205392362100383615e-05 1.093114341108248774e-05
8.411612672217697040e-03 -2.517123952930786027e-05 1.442292504750221322e-12 3.541469836824305485e-04 2.877091122546438190e-04 2.585565623006131109e-05 9.771574261184402116e-03 -2.140442121410764467e-03 1.999093441069554541e-03
-5.554363957551357311e-03 -1.781670632447986417e-06 -5.387515709216773734e-13 -1.254536320437895725e-04 -2.360475707850235466e-04 1.205392362100383615e-05 -2.140442121410764467e-03 1.213373109148660825e-02 4.698754887337194662e-05
2.715278537155045493e-03 -9.252099302948732924e-06 5.086170081675534920e-13 1.273896943881260967e-04 8.778056118687725836e-05 1.093114341108248605e-05 1.999093441069552807e-03 4.698754887337140452e-05 1.386541299736060440e-03
