# H0 omega_cdm A_s A_planck lambda_reset g_holographic phi_phase z_trans delta_z
4.059509053180463400e-01 1.152972643554069538e-04 0.000000000000000000e+00 5.347849923773830629e-05 -1.711560682524548155e-02 -2.169722092921060616e-04 7.314542873535258283e-02 -1.168905110720409174e-01 -9.990139298185925481e-04
1.152972643554069538e-04 1.114338169556866498e-06 0.000000000000000000e+00 -2.656988230311693311e-06 -2.550855861346491322e-05 -2.550332404640910212e-07 9.924309597302267922e-06 -1.009938483694468504e-04 -8.982447241394739712e-06
0.000000000000000000e+00 0.000000000000000000e+00 2.905266780000379554e-22 0.000000000000000000e+00 0.000000000000000000e+00 0.000000000000000000e+00 0.000000000000000000e+00 0.000000000000000000e+00 0.000000000000000000e+00
5.347849923773830629e-05 -2.656988230311693311e-06 0.000000000000000000e+00 2.331712197797396964e-05 7.284351543093672192e-05 9.211492648211087000e-07 1.348910968395858226e-04 1.495383978614536118e-04 6.729169670064883584e-05
-1.711560682524548155e-02 -2.550855861346491322e-05 0.000000000000000000e+00 7.284351543093672192e-05 2.493958575240047115e-03 1.254872188949821198e-05 -4.569435349074391084e-03 8.178655525217763331e-03 3.367877003616453189e-04
-2.169722092921060616e-04 -2.550332404640910212e-07 0.000000000000000000e+00 9.211492648211087000e-07 1.254872188949821198e-05 7.969508611671562339e-07 -3.281168934322683671e-05 1.054032091605108448e-04 4.688946300631331707e-06
7.314542873535258283e-02 9.924309597302267922e-06 0.000000000000000000e+00 1.348910968395858226e-04 -4.569435349074391084e-03 -3.281168934322683671e-05 3.298095190772676322e-02 -2.850434173889100989e-02 1.911029533859867353e-04
-1.168905110720409174e-01 -1.009938483694468504e-04 0.000000000000000000e+00 1.495383978614536118e-04 8.178655525217763331e-03 1.054032091605108448e-04 -2.850434173889100989e-02 7.930729771782428494e-02 8.486074405164663239e-04
-9.990139298185925481e-04 -8.982447241394739712e-06 0.000000000000000000e+00 6.729169670064883584e-05 3.367877003616453189e-04 4.688946300631331707e-06 1.911029533859867353e-04 8.486074405164663239e-04 8.203916716558964407e-04
